111111110010111111000110
000000111001110101100010
111111111100110010011011
000000000111101100001000
111111111000011110100100
000000101100000011000001
111111101000100110111000
000000010100000010010100
111111011010110101000111
000000000000000000000000
111111111111111111111111
000000100111000010101000
111111111111111111111111
000000000000000000000000
111111111111111111111111
000000000000000000000000
111110101010110001111101
000000000000011011111110
111111111111110100111011
000000001000110100100000
111111101010101111011110
000000101000010110100110
111111100110100101001011
000000100101000010001100
111111101001100001100011
000000011011110101111010
111111111100101000000111
000000000111000111101100
111111111111111111111111
000000000000000000000000
111111111111111111111111
000000000000000000000000
111111111110101011110100
000000001011110011010110
111111111110111101110011
000000001000010111010110
111111110011110111011111
000000001011100011010010
111111111101110001000001
000001000010011111001001
111101110100001101110101
000000001001001111010001
111111010010000001011001
000000000100100001001111
111111111111111111111111
000000000000000000000000
111111111111111111111111
000000000000000000000000
111111111000111100001011
000000000101011000001111
111111111110011100101000
000000000011110101111111
111111111110110000100101
000011011101110111101011
111011001110101010011100
000000000110100010110010
111111111111111110111101
000000000001010010101010
111111111111111110111001
000000000001011000101110
111111111111111111111111
000000000000000000000000
111111111111111111111111
000000000000000000000000
