# Iteration 0
-69.2482452392578125
180.013889312744140625
-133.698925018310546875
86.107769012451171875
-7.607006072998046875
48.47504425048828125
-43.552692413330078125
5.68602752685546875
-5.600574493408203125
2.6132354736328125
-3.255550384521484375
2.065456390380859375
-.002330780029296875
.114215850830078125
-.000064849853515625
.0083465576171875
-91.27538299560546875
68.9113922119140625
-79.023590087890625
15.179046630859375
-5.553401947021484375
98.1882171630859375
-14.621913909912109375
21.59980010986328125
-4.413951873779296875
25.60622406005859375
-4.26882171630859375
1.5728302001953125
-.00002288818359375
.053180694580078125
-.000030517578125
.0018463134765625
-47.0429229736328125
35.6301422119140625
-25.161869049072265625
117.483917236328125
-6.7251129150390625
18.61865997314453125
-15.96775054931640625
14.912876129150390625
-7.036930084228515625
30.91075897216796875
-7.621429443359375
5.5426177978515625
-.000011444091796875
.05185699462890625
-.0000152587890625
.00180816650390625
-48.7925567626953125
18.20092010498046875
-21.014003753662109375
10.484344482421875
-10.70830535888671875
22.824245452880859375
-11.44603729248046875
14.9619140625
-.023693084716796875
4.2055816650390625
-.035411834716796875
3.5776214599609375
-.000026702880859375
.05144500732421875
-.000041961669921875
.0017852783203125
