# Iteration 0
111111111111111111111110111010110000000111001100
000000000000000000000010110100000000111000111001
111111111111111111111101111010010011010001001101
000000000000000000000001010110000110111001011011
111111111111111111111111111000011001001001101101
000000000000000000000000110000011110011001110010
111111111111111111111111010100011100101000001011
000000000000000000000000000101101011111001111110
111111111111111111111111111010011001100100000011
000000000000000000000000000010100111001111110100
111111111111111111111111111100101111101001010001
000000000000000000000000000010000100001100000111
111111111111111111111111111111111111110110011101
000000000000000000000000000000000111010011110101
111111111111111111111111111111111111111111101111
000000000000000000000000000000000000100010001100
111111111111111111111110100100101110011000000010
000000000000000000000001000100111010010101000100
111111111111111111111110110000111110011111011000
000000000000000000000000001111001011011101011000
111111111111111111111111111010011100100101010001
000000000000000000000001100010001100000010111100
111111111111111111111111110001011000001100101001
000000000000000000000000010101100110011000110010
111111111111111111111111111011100101100000011101
000000000000000000000000011001100110110011000110
111111111111111111111111111011101110110010111010
000000000000000000000000000001100100101010010100
111111111111111111111111111111111111111111111010
000000000000000000000000000000000011011001110101
111111111111111111111111111111111111111111111000
000000000000000000000000000000000000000111100100
111111111111111111111111010000111101010000001100
000000000000000000000000100011101000010101000100
111111111111111111111111100110110101101000111111
000000000000000000000001110101011110111110001000
111111111111111111111111111001010001100101111100
000000000000000000000000010010100111100110000010
111111111111111111111111110000000010000100000110
000000000000000000000000001110111010011011001001
111111111111111111111111111000111101101000101111
000000000000000000000000011110111010010010011110
111111111111111111111111111000011000001110101000
000000000000000000000000000101100010101110100100
111111111111111111111111111111111111111111111101
000000000000000000000000000000000011010100011010
111111111111111111111111111111111111111111111100
000000000000000000000000000000000000000111011010
111111111111111111111111001111001101010001101100
000000000000000000000000010010001100110110111110
111111111111111111111111101010111111000110101001
000000000000000000000000001010011110111111111000
111111111111111111111111110101010010101010110010
000000000000000000000000010110110100110000000111
111111111111111111111111110100100011011101000010
000000000000000000000000001110111101100100000000
111111111111111111111111111111111110011110111101
000000000000000000000000000100001101001010000100
111111111111111111111111111111111101101110111101
000000000000000000000000000011100100111101111100
111111111111111111111111111111111111111111111001
000000000000000000000000000000000011010010101110
111111111111111111111111111111111111111111110101
000000000000000000000000000000000000000111010100
