0010111111000110
1001110101100010
1100110010011011
0111101100001000
1000011110100100
1100000011000001
1000100110111000
0100000010010100
1010110101000111
0000000000000000
1111111111111111
0111000010101000
1111111111111111
0000000000000000
1111111111111111
0000000000000000
1010110001111101
0000011011111110
1111110100111011
1000110100100000
1010101111011110
1000010110100110
0110100101001011
0101000010001100
1001100001100011
1011110101111010
1100101000000111
0111000111101100
1111111111111111
0000000000000000
1111111111111111
0000000000000000
1110101011110100
1011110011010110
1110111101110011
1000010111010110
0011110111011111
1011100011010010
1101110001000001
0010011111001001
0100001101110101
1001001111010001
0010000001011001
0100100001001111
1111111111111111
0000000000000000
1111111111111111
0000000000000000
1000111100001011
0101011000001111
1110011100101000
0011110101111111
1110110000100101
1101110111101011
1110101010011100
0110100010110010
1111111110111101
0001010010101010
1111111110111001
0001011000101110
1111111111111111
0000000000000000
1111111111111111
0000000000000000