11111111111111111111111111111111
00000000000000000000000000000011
11111111111111111111111111111111
00000000000000000000000000000000
11111111111111111111111111111111
00000000000000000000000000000010
11111111111111111111111111111110
00000000000000000000000000000001
11111111111111111111111111111101
00000000000000000000000000000000
11111111111111111111111111111111
00000000000000000000000000000010
11111111111111111111111111111111
00000000000000000000000000000000
11111111111111111111111111111111
00000000000000000000000000000000
11111111111111111111111111111010
00000000000000000000000000000000
11111111111111111111111111111111
00000000000000000000000000000000
11111111111111111111111111111110
00000000000000000000000000000010
11111111111111111111111111111110
00000000000000000000000000000010
11111111111111111111111111111110
00000000000000000000000000000001
11111111111111111111111111111111
00000000000000000000000000000000
11111111111111111111111111111111
00000000000000000000000000000000
11111111111111111111111111111111
00000000000000000000000000000000
11111111111111111111111111111111
00000000000000000000000000000000
11111111111111111111111111111111
00000000000000000000000000000000
11111111111111111111111111111111
00000000000000000000000000000000
11111111111111111111111111111111
00000000000000000000000000000100
11111111111111111111111111110111
00000000000000000000000000000000
11111111111111111111111111111101
00000000000000000000000000000000
11111111111111111111111111111111
00000000000000000000000000000000
11111111111111111111111111111111
00000000000000000000000000000000
11111111111111111111111111111111
00000000000000000000000000000000
11111111111111111111111111111111
00000000000000000000000000000000
11111111111111111111111111111111
00000000000000000000000000001101
11111111111111111111111111101100
00000000000000000000000000000000
11111111111111111111111111111111
00000000000000000000000000000000
11111111111111111111111111111111
00000000000000000000000000000000
11111111111111111111111111111111
00000000000000000000000000000000
11111111111111111111111111111111
00000000000000000000000000000000