# Iteration 0
111111111111111111111111111111111110000111101001
000000000000000000000000000000101111010111000111
111111111111111111111111111111110110111100011100
000000000000000000000000000000000000000011100101
111111111111111111111111111111111100000101101100
000000000000000000000000000000101011010010101000
111111111111111111111111111111111011100111101000
000000000000000000000000000001000001010010000011
111111111111111111111111111111111011001100100111
000000000000000000000000000000000100111111001101
111111111111111111111111111111110111101000000000
000000000000000000000000000000000100011100101011
111111111111111111111111111111111111110110001001
000000000000000000000000000000000000000101010001
111111111111111111111111111111111111111100100011
000000000000000000000000000000000000011011010011
111111111111111111111111111111101011000111001111
000000000000000000000000000000010000011011101011
111111111111111111111111111111110011000100110000
000000000000000000000000000000010110001101010011
111111111111111111111111111111110000100100101111
000000000000000000000000000000111111111111001001
111111111111111111111111111111100010100101000111
000000000000000000000000000010001000101101100010
111111111111111111111111111111110100000101011111
000000000000000000000000000000001000100101110110
111111111111111111111111111111111010000101011111
000000000000000000000000000000001111001000110001
111111111111111111111111111111111111111010000011
000000000000000000000000000000000001000011001011
111111111111111111111111111111111111111110010100
000000000000000000000000000000000000000010110011
111111111111111111111111111111011100000100001100
000000000000000000000000000000001001011110001110
111111111111111111111111111111111011011101000110
000000000000000000000000000000011010101011101000
111111111111111111111111111111111101001110101100
000000000000000000000000000000000110011001101010
111111111111111111111111111110010000101011110100
000000000000000000000000000000000001111010010100
111111111111111111111111111111111111001100000010
000000000000000000000000000000000011010000101100
111111111111111111111111111111110100011000001101
000000000000000000000000000000000001010100010111
111111111111111111111111111111111111101101000010
000000000000000000000000000000000000000111100010
111111111111111111111111111111111111101111101111
000000000000000000000000000000000000001011000100
111111111111111111111111111111111011101100110100
000000000000000000000000000000000001010101010001
111111111111111111111111111111111101000111000100
000000000000000000000000000000000000011110101010
111111111111111111111111111111111110110110000110
000000000000000000000000000000001001110111110000
111111111111111111111111111111101100110001101110
000000000000000000000000000000000011010101101100
111111111111111111111111111111110001011101011000
000000000000000000000000000000000000010001011101
111111111111111111111111111111100011010000001111
000000000000000000000000000000001101010011010010
111111111111111111111111111111111111111100010110
000000000000000000000000000000000000000000000000
111111111111111111111111111111111111111111000010
000000000000000000000000000000000000000000000000
# Iteration 0
111111111111111111111111111111111110000111101001
000000000000000000000000000000101111010111000111
111111111111111111111111111111110110111100011100
000000000000000000000000000000000000000011100101
111111111111111111111111111111111100000101101100
000000000000000000000000000000101011010010101000
111111111111111111111111111111111011100111101000
000000000000000000000000000001000001010010000011
111111111111111111111111111111111011001100100111
000000000000000000000000000000000100111111001101
111111111111111111111111111111110111101000000000
000000000000000000000000000000000100011100101011
111111111111111111111111111111111111110110001001
000000000000000000000000000000000000000101010001
111111111111111111111111111111111111111100100011
000000000000000000000000000000000000011011010011
111111111111111111111111111111101011000111001111
000000000000000000000000000000010000011011101011
111111111111111111111111111111110011000100110000
000000000000000000000000000000010110001101010011
111111111111111111111111111111110000100100101111
000000000000000000000000000000111111111111001001
111111111111111111111111111111100010100101000111
000000000000000000000000000010001000101101100010
111111111111111111111111111111110100000101011111
000000000000000000000000000000001000100101110110
111111111111111111111111111111111010000101011111
000000000000000000000000000000001111001000110001
111111111111111111111111111111111111111010000011
000000000000000000000000000000000001000011001011
111111111111111111111111111111111111111110010100
000000000000000000000000000000000000000010110011
111111111111111111111111111111011100000100001100
000000000000000000000000000000001001011110001110
111111111111111111111111111111111011011101000110
000000000000000000000000000000011010101011101000
111111111111111111111111111111111101001110101100
000000000000000000000000000000000110011001101010
111111111111111111111111111110010000101011110100
000000000000000000000000000000000001111010010100
111111111111111111111111111111111111001100000010
000000000000000000000000000000000011010000101100
111111111111111111111111111111110100011000001101
000000000000000000000000000000000001010100010111
111111111111111111111111111111111111101101000010
000000000000000000000000000000000000000111100010
111111111111111111111111111111111111101111101111
000000000000000000000000000000000000001011000100
111111111111111111111111111111111011101100110100
000000000000000000000000000000000001010101010001
111111111111111111111111111111111101000111000100
000000000000000000000000000000000000011110101010
111111111111111111111111111111111110110110000110
000000000000000000000000000000001001110111110000
111111111111111111111111111111101100110001101110
000000000000000000000000000000000011010101101100
111111111111111111111111111111110001011101011000
000000000000000000000000000000000000010001011101
111111111111111111111111111111100011010000001111
000000000000000000000000000000001101010011010010
111111111111111111111111111111111111111100010110
000000000000000000000000000000000000000000000000
111111111111111111111111111111111111111111000010
000000000000000000000000000000000000000000000000
# Iteration 0
111111111111111111111111111111111110000111101001
000000000000000000000000000000101111010111000111
111111111111111111111111111111110110111100011100
000000000000000000000000000000000000000011100101
111111111111111111111111111111111100000101101100
000000000000000000000000000000101011010010101000
111111111111111111111111111111111011100111101000
000000000000000000000000000001000001010010000011
111111111111111111111111111111111011001100100111
000000000000000000000000000000000100111111001101
111111111111111111111111111111110111101000000000
000000000000000000000000000000000100011100101011
111111111111111111111111111111111111110110001001
000000000000000000000000000000000000000101010001
111111111111111111111111111111111111111100100011
000000000000000000000000000000000000011011010011
111111111111111111111111111111101011000111001111
000000000000000000000000000000010000011011101011
111111111111111111111111111111110011000100110000
000000000000000000000000000000010110001101010011
111111111111111111111111111111110000100100101111
000000000000000000000000000000111111111111001001
111111111111111111111111111111100010100101000111
000000000000000000000000000010001000101101100010
111111111111111111111111111111110100000101011111
000000000000000000000000000000001000100101110110
111111111111111111111111111111111010000101011111
000000000000000000000000000000001111001000110001
111111111111111111111111111111111111111010000011
000000000000000000000000000000000001000011001011
111111111111111111111111111111111111111110010100
000000000000000000000000000000000000000010110011
111111111111111111111111111111011100000100001100
000000000000000000000000000000001001011110001110
111111111111111111111111111111111011011101000110
000000000000000000000000000000011010101011101000
111111111111111111111111111111111101001110101100
000000000000000000000000000000000110011001101010
111111111111111111111111111110010000101011110100
000000000000000000000000000000000001111010010100
111111111111111111111111111111111111001100000010
000000000000000000000000000000000011010000101100
111111111111111111111111111111110100011000001101
000000000000000000000000000000000001010100010111
111111111111111111111111111111111111101101000010
000000000000000000000000000000000000000111100010
111111111111111111111111111111111111101111101111
000000000000000000000000000000000000001011000100
111111111111111111111111111111111011101100110100
000000000000000000000000000000000001010101010001
111111111111111111111111111111111101000111000100
000000000000000000000000000000000000011110101010
111111111111111111111111111111111110110110000110
000000000000000000000000000000001001110111110000
111111111111111111111111111111101100110001101110
000000000000000000000000000000000011010101101100
111111111111111111111111111111110001011101011000
000000000000000000000000000000000000010001011101
111111111111111111111111111111100011010000001111
000000000000000000000000000000001101010011010010
111111111111111111111111111111111111111100010110
000000000000000000000000000000000000000000000000
111111111111111111111111111111111111111111000010
000000000000000000000000000000000000000000000000
# Iteration 0
111111111111111111111111111111111110000111101001
000000000000000000000000000000101111010111000111
111111111111111111111111111111110110111100011100
000000000000000000000000000000000000000011100101
111111111111111111111111111111111100000101101100
000000000000000000000000000000101011010010101000
111111111111111111111111111111111011100111101000
000000000000000000000000000001000001010010000011
111111111111111111111111111111111011001100100111
000000000000000000000000000000000100111111001101
111111111111111111111111111111110111101000000000
000000000000000000000000000000000100011100101011
111111111111111111111111111111111111110110001001
000000000000000000000000000000000000000101010001
111111111111111111111111111111111111111100100011
000000000000000000000000000000000000011011010011
111111111111111111111111111111101011000111001111
000000000000000000000000000000010000011011101011
111111111111111111111111111111110011000100110000
000000000000000000000000000000010110001101010011
111111111111111111111111111111110000100100101111
000000000000000000000000000000111111111111001001
111111111111111111111111111111100010100101000111
000000000000000000000000000010001000101101100010
111111111111111111111111111111110100000101011111
000000000000000000000000000000001000100101110110
111111111111111111111111111111111010000101011111
000000000000000000000000000000001111001000110001
111111111111111111111111111111111111111010000011
000000000000000000000000000000000001000011001011
111111111111111111111111111111111111111110010100
000000000000000000000000000000000000000010110011
111111111111111111111111111111011100000100001100
000000000000000000000000000000001001011110001110
111111111111111111111111111111111011011101000110
000000000000000000000000000000011010101011101000
111111111111111111111111111111111101001110101100
000000000000000000000000000000000110011001101010
111111111111111111111111111110010000101011110100
000000000000000000000000000000000001111010010100
111111111111111111111111111111111111001100000010
000000000000000000000000000000000011010000101100
111111111111111111111111111111110100011000001101
000000000000000000000000000000000001010100010111
111111111111111111111111111111111111101101000010
000000000000000000000000000000000000000111100010
111111111111111111111111111111111111101111101111
000000000000000000000000000000000000001011000100
111111111111111111111111111111111011101100110100
000000000000000000000000000000000001010101010001
111111111111111111111111111111111101000111000100
000000000000000000000000000000000000011110101010
111111111111111111111111111111111110110110000110
000000000000000000000000000000001001110111110000
111111111111111111111111111111101100110001101110
000000000000000000000000000000000011010101101100
111111111111111111111111111111110001011101011000
000000000000000000000000000000000000010001011101
111111111111111111111111111111100011010000001111
000000000000000000000000000000001101010011010010
111111111111111111111111111111111111111100010110
000000000000000000000000000000000000000000000000
111111111111111111111111111111111111111111000010
000000000000000000000000000000000000000000000000
# Iteration 0
111111111111111111111111111111111110000111101001
000000000000000000000000000000101111010111000111
111111111111111111111111111111110110111100011100
000000000000000000000000000000000000000011100101
111111111111111111111111111111111100000101101100
000000000000000000000000000000101011010010101000
111111111111111111111111111111111011100111101000
000000000000000000000000000001000001010010000011
111111111111111111111111111111111011001100100111
000000000000000000000000000000000100111111001101
111111111111111111111111111111110111101000000000
000000000000000000000000000000000100011100101011
111111111111111111111111111111111111110110001001
000000000000000000000000000000000000000101010001
111111111111111111111111111111111111111100100011
000000000000000000000000000000000000011011010011
111111111111111111111111111111101011000111001111
000000000000000000000000000000010000011011101011
111111111111111111111111111111110011000100110000
000000000000000000000000000000010110001101010011
111111111111111111111111111111110000100100101111
000000000000000000000000000000111111111111001001
111111111111111111111111111111100010100101000111
000000000000000000000000000010001000101101100010
111111111111111111111111111111110100000101011111
000000000000000000000000000000001000100101110110
111111111111111111111111111111111010000101011111
000000000000000000000000000000001111001000110001
111111111111111111111111111111111111111010000011
000000000000000000000000000000000001000011001011
111111111111111111111111111111111111111110010100
000000000000000000000000000000000000000010110011
111111111111111111111111111111011100000100001100
000000000000000000000000000000001001011110001110
111111111111111111111111111111111011011101000110
000000000000000000000000000000011010101011101000
111111111111111111111111111111111101001110101100
000000000000000000000000000000000110011001101010
111111111111111111111111111110010000101011110100
000000000000000000000000000000000001111010010100
111111111111111111111111111111111111001100000010
000000000000000000000000000000000011010000101100
111111111111111111111111111111110100011000001101
000000000000000000000000000000000001010100010111
111111111111111111111111111111111111101101000010
000000000000000000000000000000000000000111100010
111111111111111111111111111111111111101111101111
000000000000000000000000000000000000001011000100
111111111111111111111111111111111011101100110100
000000000000000000000000000000000001010101010001
111111111111111111111111111111111101000111000100
000000000000000000000000000000000000011110101010
111111111111111111111111111111111110110110000110
000000000000000000000000000000001001110111110000
111111111111111111111111111111101100110001101110
000000000000000000000000000000000011010101101100
111111111111111111111111111111110001011101011000
000000000000000000000000000000000000010001011101
111111111111111111111111111111100011010000001111
000000000000000000000000000000001101010011010010
111111111111111111111111111111111111111100010110
000000000000000000000000000000000000000000000000
111111111111111111111111111111111111111111000010
000000000000000000000000000000000000000000000000
# Iteration 0
111111111111111111111111111111111110000111101001
000000000000000000000000000000101111010111000111
111111111111111111111111111111110110111100011100
000000000000000000000000000000000000000011100101
111111111111111111111111111111111100000101101100
000000000000000000000000000000101011010010101000
111111111111111111111111111111111011100111101000
000000000000000000000000000001000001010010000011
111111111111111111111111111111111011001100100111
000000000000000000000000000000000100111111001101
111111111111111111111111111111110111101000000000
000000000000000000000000000000000100011100101011
111111111111111111111111111111111111110110001001
000000000000000000000000000000000000000101010001
111111111111111111111111111111111111111100100011
000000000000000000000000000000000000011011010011
111111111111111111111111111111101011000111001111
000000000000000000000000000000010000011011101011
111111111111111111111111111111110011000100110000
000000000000000000000000000000010110001101010011
111111111111111111111111111111110000100100101111
000000000000000000000000000000111111111111001001
111111111111111111111111111111100010100101000111
000000000000000000000000000010001000101101100010
111111111111111111111111111111110100000101011111
000000000000000000000000000000001000100101110110
111111111111111111111111111111111010000101011111
000000000000000000000000000000001111001000110001
111111111111111111111111111111111111111010000011
000000000000000000000000000000000001000011001011
111111111111111111111111111111111111111110010100
000000000000000000000000000000000000000010110011
111111111111111111111111111111011100000100001100
000000000000000000000000000000001001011110001110
111111111111111111111111111111111011011101000110
000000000000000000000000000000011010101011101000
111111111111111111111111111111111101001110101100
000000000000000000000000000000000110011001101010
111111111111111111111111111110010000101011110100
000000000000000000000000000000000001111010010100
111111111111111111111111111111111111001100000010
000000000000000000000000000000000011010000101100
111111111111111111111111111111110100011000001101
000000000000000000000000000000000001010100010111
111111111111111111111111111111111111101101000010
000000000000000000000000000000000000000111100010
111111111111111111111111111111111111101111101111
000000000000000000000000000000000000001011000100
111111111111111111111111111111111011101100110100
000000000000000000000000000000000001010101010001
111111111111111111111111111111111101000111000100
000000000000000000000000000000000000011110101010
111111111111111111111111111111111110110110000110
000000000000000000000000000000001001110111110000
111111111111111111111111111111101100110001101110
000000000000000000000000000000000011010101101100
111111111111111111111111111111110001011101011000
000000000000000000000000000000000000010001011101
111111111111111111111111111111100011010000001111
000000000000000000000000000000001101010011010010
111111111111111111111111111111111111111100010110
000000000000000000000000000000000000000000000000
111111111111111111111111111111111111111111000010
000000000000000000000000000000000000000000000000
# Iteration 0
111111111111111111111111111111111110000111101001
000000000000000000000000000000101111010111000111
111111111111111111111111111111110110111100011100
000000000000000000000000000000000000000011100101
111111111111111111111111111111111100000101101100
000000000000000000000000000000101011010010101000
111111111111111111111111111111111011100111101000
000000000000000000000000000001000001010010000011
111111111111111111111111111111111011001100100111
000000000000000000000000000000000100111111001101
111111111111111111111111111111110111101000000000
000000000000000000000000000000000100011100101011
111111111111111111111111111111111111110110001001
000000000000000000000000000000000000000101010001
111111111111111111111111111111111111111100100011
000000000000000000000000000000000000011011010011
111111111111111111111111111111101011000111001111
000000000000000000000000000000010000011011101011
111111111111111111111111111111110011000100110000
000000000000000000000000000000010110001101010011
111111111111111111111111111111110000100100101111
000000000000000000000000000000111111111111001001
111111111111111111111111111111100010100101000111
000000000000000000000000000010001000101101100010
111111111111111111111111111111110100000101011111
000000000000000000000000000000001000100101110110
111111111111111111111111111111111010000101011111
000000000000000000000000000000001111001000110001
111111111111111111111111111111111111111010000011
000000000000000000000000000000000001000011001011
111111111111111111111111111111111111111110010100
000000000000000000000000000000000000000010110011
111111111111111111111111111111011100000100001100
000000000000000000000000000000001001011110001110
111111111111111111111111111111111011011101000110
000000000000000000000000000000011010101011101000
111111111111111111111111111111111101001110101100
000000000000000000000000000000000110011001101010
111111111111111111111111111110010000101011110100
000000000000000000000000000000000001111010010100
111111111111111111111111111111111111001100000010
000000000000000000000000000000000011010000101100
111111111111111111111111111111110100011000001101
000000000000000000000000000000000001010100010111
111111111111111111111111111111111111101101000010
000000000000000000000000000000000000000111100010
111111111111111111111111111111111111101111101111
000000000000000000000000000000000000001011000100
111111111111111111111111111111111011101100110100
000000000000000000000000000000000001010101010001
111111111111111111111111111111111101000111000100
000000000000000000000000000000000000011110101010
111111111111111111111111111111111110110110000110
000000000000000000000000000000001001110111110000
111111111111111111111111111111101100110001101110
000000000000000000000000000000000011010101101100
111111111111111111111111111111110001011101011000
000000000000000000000000000000000000010001011101
111111111111111111111111111111100011010000001111
000000000000000000000000000000001101010011010010
111111111111111111111111111111111111111100010110
000000000000000000000000000000000000000000000000
111111111111111111111111111111111111111111000010
000000000000000000000000000000000000000000000000
# Iteration 0
111111111111111111111111111111111110000111101001
000000000000000000000000000000101111010111000111
111111111111111111111111111111110110111100011100
000000000000000000000000000000000000000011100101
111111111111111111111111111111111100000101101100
000000000000000000000000000000101011010010101000
111111111111111111111111111111111011100111101000
000000000000000000000000000001000001010010000011
111111111111111111111111111111111011001100100111
000000000000000000000000000000000100111111001101
111111111111111111111111111111110111101000000000
000000000000000000000000000000000100011100101011
111111111111111111111111111111111111110110001001
000000000000000000000000000000000000000101010001
111111111111111111111111111111111111111100100011
000000000000000000000000000000000000011011010011
111111111111111111111111111111101011000111001111
000000000000000000000000000000010000011011101011
111111111111111111111111111111110011000100110000
000000000000000000000000000000010110001101010011
111111111111111111111111111111110000100100101111
000000000000000000000000000000111111111111001001
111111111111111111111111111111100010100101000111
000000000000000000000000000010001000101101100010
111111111111111111111111111111110100000101011111
000000000000000000000000000000001000100101110110
111111111111111111111111111111111010000101011111
000000000000000000000000000000001111001000110001
111111111111111111111111111111111111111010000011
000000000000000000000000000000000001000011001011
111111111111111111111111111111111111111110010100
000000000000000000000000000000000000000010110011
111111111111111111111111111111011100000100001100
000000000000000000000000000000001001011110001110
111111111111111111111111111111111011011101000110
000000000000000000000000000000011010101011101000
111111111111111111111111111111111101001110101100
000000000000000000000000000000000110011001101010
111111111111111111111111111110010000101011110100
000000000000000000000000000000000001111010010100
111111111111111111111111111111111111001100000010
000000000000000000000000000000000011010000101100
111111111111111111111111111111110100011000001101
000000000000000000000000000000000001010100010111
111111111111111111111111111111111111101101000010
000000000000000000000000000000000000000111100010
111111111111111111111111111111111111101111101111
000000000000000000000000000000000000001011000100
111111111111111111111111111111111011101100110100
000000000000000000000000000000000001010101010001
111111111111111111111111111111111101000111000100
000000000000000000000000000000000000011110101010
111111111111111111111111111111111110110110000110
000000000000000000000000000000001001110111110000
111111111111111111111111111111101100110001101110
000000000000000000000000000000000011010101101100
111111111111111111111111111111110001011101011000
000000000000000000000000000000000000010001011101
111111111111111111111111111111100011010000001111
000000000000000000000000000000001101010011010010
111111111111111111111111111111111111111100010110
000000000000000000000000000000000000000000000000
111111111111111111111111111111111111111111000010
000000000000000000000000000000000000000000000000
# Iteration 0
111111111111111111111111111111111110000111101001
000000000000000000000000000000101111010111000111
111111111111111111111111111111110110111100011100
000000000000000000000000000000000000000011100101
111111111111111111111111111111111100000101101100
000000000000000000000000000000101011010010101000
111111111111111111111111111111111011100111101000
000000000000000000000000000001000001010010000011
111111111111111111111111111111111011001100100111
000000000000000000000000000000000100111111001101
111111111111111111111111111111110111101000000000
000000000000000000000000000000000100011100101011
111111111111111111111111111111111111110110001001
000000000000000000000000000000000000000101010001
111111111111111111111111111111111111111100100011
000000000000000000000000000000000000011011010011
111111111111111111111111111111101011000111001111
000000000000000000000000000000010000011011101011
111111111111111111111111111111110011000100110000
000000000000000000000000000000010110001101010011
111111111111111111111111111111110000100100101111
000000000000000000000000000000111111111111001001
111111111111111111111111111111100010100101000111
000000000000000000000000000010001000101101100010
111111111111111111111111111111110100000101011111
000000000000000000000000000000001000100101110110
111111111111111111111111111111111010000101011111
000000000000000000000000000000001111001000110001
111111111111111111111111111111111111111010000011
000000000000000000000000000000000001000011001011
111111111111111111111111111111111111111110010100
000000000000000000000000000000000000000010110011
111111111111111111111111111111011100000100001100
000000000000000000000000000000001001011110001110
111111111111111111111111111111111011011101000110
000000000000000000000000000000011010101011101000
111111111111111111111111111111111101001110101100
000000000000000000000000000000000110011001101010
111111111111111111111111111110010000101011110100
000000000000000000000000000000000001111010010100
111111111111111111111111111111111111001100000010
000000000000000000000000000000000011010000101100
111111111111111111111111111111110100011000001101
000000000000000000000000000000000001010100010111
111111111111111111111111111111111111101101000010
000000000000000000000000000000000000000111100010
111111111111111111111111111111111111101111101111
000000000000000000000000000000000000001011000100
111111111111111111111111111111111011101100110100
000000000000000000000000000000000001010101010001
111111111111111111111111111111111101000111000100
000000000000000000000000000000000000011110101010
111111111111111111111111111111111110110110000110
000000000000000000000000000000001001110111110000
111111111111111111111111111111101100110001101110
000000000000000000000000000000000011010101101100
111111111111111111111111111111110001011101011000
000000000000000000000000000000000000010001011101
111111111111111111111111111111100011010000001111
000000000000000000000000000000001101010011010010
111111111111111111111111111111111111111100010110
000000000000000000000000000000000000000000000000
111111111111111111111111111111111111111111000010
000000000000000000000000000000000000000000000000
# Iteration 0
111111111111111111111111111111111110000111101001
000000000000000000000000000000101111010111000111
111111111111111111111111111111110110111100011100
000000000000000000000000000000000000000011100101
111111111111111111111111111111111100000101101100
000000000000000000000000000000101011010010101000
111111111111111111111111111111111011100111101000
000000000000000000000000000001000001010010000011
111111111111111111111111111111111011001100100111
000000000000000000000000000000000100111111001101
111111111111111111111111111111110111101000000000
000000000000000000000000000000000100011100101011
111111111111111111111111111111111111110110001001
000000000000000000000000000000000000000101010001
111111111111111111111111111111111111111100100011
000000000000000000000000000000000000011011010011
111111111111111111111111111111101011000111001111
000000000000000000000000000000010000011011101011
111111111111111111111111111111110011000100110000
000000000000000000000000000000010110001101010011
111111111111111111111111111111110000100100101111
000000000000000000000000000000111111111111001001
111111111111111111111111111111100010100101000111
000000000000000000000000000010001000101101100010
111111111111111111111111111111110100000101011111
000000000000000000000000000000001000100101110110
111111111111111111111111111111111010000101011111
000000000000000000000000000000001111001000110001
111111111111111111111111111111111111111010000011
000000000000000000000000000000000001000011001011
111111111111111111111111111111111111111110010100
000000000000000000000000000000000000000010110011
111111111111111111111111111111011100000100001100
000000000000000000000000000000001001011110001110
111111111111111111111111111111111011011101000110
000000000000000000000000000000011010101011101000
111111111111111111111111111111111101001110101100
000000000000000000000000000000000110011001101010
111111111111111111111111111110010000101011110100
000000000000000000000000000000000001111010010100
111111111111111111111111111111111111001100000010
000000000000000000000000000000000011010000101100
111111111111111111111111111111110100011000001101
000000000000000000000000000000000001010100010111
111111111111111111111111111111111111101101000010
000000000000000000000000000000000000000111100010
111111111111111111111111111111111111101111101111
000000000000000000000000000000000000001011000100
111111111111111111111111111111111011101100110100
000000000000000000000000000000000001010101010001
111111111111111111111111111111111101000111000100
000000000000000000000000000000000000011110101010
111111111111111111111111111111111110110110000110
000000000000000000000000000000001001110111110000
111111111111111111111111111111101100110001101110
000000000000000000000000000000000011010101101100
111111111111111111111111111111110001011101011000
000000000000000000000000000000000000010001011101
111111111111111111111111111111100011010000001111
000000000000000000000000000000001101010011010010
111111111111111111111111111111111111111100010110
000000000000000000000000000000000000000000000000
111111111111111111111111111111111111111111000010
000000000000000000000000000000000000000000000000
# Iteration 0
111111111111111111111111111111111110000111101001
000000000000000000000000000000101111010111000111
111111111111111111111111111111110110111100011100
000000000000000000000000000000000000000011100101
111111111111111111111111111111111100000101101100
000000000000000000000000000000101011010010101000
111111111111111111111111111111111011100111101000
000000000000000000000000000001000001010010000011
111111111111111111111111111111111011001100100111
000000000000000000000000000000000100111111001101
111111111111111111111111111111110111101000000000
000000000000000000000000000000000100011100101011
111111111111111111111111111111111111110110001001
000000000000000000000000000000000000000101010001
111111111111111111111111111111111111111100100011
000000000000000000000000000000000000011011010011
111111111111111111111111111111101011000111001111
000000000000000000000000000000010000011011101011
111111111111111111111111111111110011000100110000
000000000000000000000000000000010110001101010011
111111111111111111111111111111110000100100101111
000000000000000000000000000000111111111111001001
111111111111111111111111111111100010100101000111
000000000000000000000000000010001000101101100010
111111111111111111111111111111110100000101011111
000000000000000000000000000000001000100101110110
111111111111111111111111111111111010000101011111
000000000000000000000000000000001111001000110001
111111111111111111111111111111111111111010000011
000000000000000000000000000000000001000011001011
111111111111111111111111111111111111111110010100
000000000000000000000000000000000000000010110011
111111111111111111111111111111011100000100001100
000000000000000000000000000000001001011110001110
111111111111111111111111111111111011011101000110
000000000000000000000000000000011010101011101000
111111111111111111111111111111111101001110101100
000000000000000000000000000000000110011001101010
111111111111111111111111111110010000101011110100
000000000000000000000000000000000001111010010100
111111111111111111111111111111111111001100000010
000000000000000000000000000000000011010000101100
111111111111111111111111111111110100011000001101
000000000000000000000000000000000001010100010111
111111111111111111111111111111111111101101000010
000000000000000000000000000000000000000111100010
111111111111111111111111111111111111101111101111
000000000000000000000000000000000000001011000100
111111111111111111111111111111111011101100110100
000000000000000000000000000000000001010101010001
111111111111111111111111111111111101000111000100
000000000000000000000000000000000000011110101010
111111111111111111111111111111111110110110000110
000000000000000000000000000000001001110111110000
111111111111111111111111111111101100110001101110
000000000000000000000000000000000011010101101100
111111111111111111111111111111110001011101011000
000000000000000000000000000000000000010001011101
111111111111111111111111111111100011010000001111
000000000000000000000000000000001101010011010010
111111111111111111111111111111111111111100010110
000000000000000000000000000000000000000000000000
111111111111111111111111111111111111111111000010
000000000000000000000000000000000000000000000000
# Iteration 0
111111111111111111111111111111111110000111101001
000000000000000000000000000000101111010111000111
111111111111111111111111111111110110111100011100
000000000000000000000000000000000000000011100101
111111111111111111111111111111111100000101101100
000000000000000000000000000000101011010010101000
111111111111111111111111111111111011100111101000
000000000000000000000000000001000001010010000011
111111111111111111111111111111111011001100100111
000000000000000000000000000000000100111111001101
111111111111111111111111111111110111101000000000
000000000000000000000000000000000100011100101011
111111111111111111111111111111111111110110001001
000000000000000000000000000000000000000101010001
111111111111111111111111111111111111111100100011
000000000000000000000000000000000000011011010011
111111111111111111111111111111101011000111001111
000000000000000000000000000000010000011011101011
111111111111111111111111111111110011000100110000
000000000000000000000000000000010110001101010011
111111111111111111111111111111110000100100101111
000000000000000000000000000000111111111111001001
111111111111111111111111111111100010100101000111
000000000000000000000000000010001000101101100010
111111111111111111111111111111110100000101011111
000000000000000000000000000000001000100101110110
111111111111111111111111111111111010000101011111
000000000000000000000000000000001111001000110001
111111111111111111111111111111111111111010000011
000000000000000000000000000000000001000011001011
111111111111111111111111111111111111111110010100
000000000000000000000000000000000000000010110011
111111111111111111111111111111011100000100001100
000000000000000000000000000000001001011110001110
111111111111111111111111111111111011011101000110
000000000000000000000000000000011010101011101000
111111111111111111111111111111111101001110101100
000000000000000000000000000000000110011001101010
111111111111111111111111111110010000101011110100
000000000000000000000000000000000001111010010100
111111111111111111111111111111111111001100000010
000000000000000000000000000000000011010000101100
111111111111111111111111111111110100011000001101
000000000000000000000000000000000001010100010111
111111111111111111111111111111111111101101000010
000000000000000000000000000000000000000111100010
111111111111111111111111111111111111101111101111
000000000000000000000000000000000000001011000100
111111111111111111111111111111111011101100110100
000000000000000000000000000000000001010101010001
111111111111111111111111111111111101000111000100
000000000000000000000000000000000000011110101010
111111111111111111111111111111111110110110000110
000000000000000000000000000000001001110111110000
111111111111111111111111111111101100110001101110
000000000000000000000000000000000011010101101100
111111111111111111111111111111110001011101011000
000000000000000000000000000000000000010001011101
111111111111111111111111111111100011010000001111
000000000000000000000000000000001101010011010010
111111111111111111111111111111111111111100010110
000000000000000000000000000000000000000000000000
111111111111111111111111111111111111111111000010
000000000000000000000000000000000000000000000000
