# Iteration 0
-.029384613037109375
.740016937255859375
-.1414947509765625
.000873565673828125
-.0611114501953125
.676422119140625
-.068450927734375
1.020030975341796875
-.075046539306640625
.077930450439453125
-.130859375
.069499969482421875
-.002407073974609375
.001285552978515625
-.000843048095703125
.006664276123046875
-.326358795166015625
.256755828857421875
-.20196533203125
.346996307373046875
-.241031646728515625
.999790191650390625
-.459690093994140625
2.13611602783203125
-.186161041259765625
.13423919677734375
-.092411041259765625
.236515045166015625
-.001453399658203125
.016399383544921875
-.0004119873046875
.000682830810546875
-.5614776611328125
.14800262451171875
-.07102203369140625
.416900634765625
-.0432891845703125
.10001373291015625
-1.7393035888671875
.0298614501953125
-.01268768310546875
.0509490966796875
-.181591033935546875
.020595550537109375
-.00463104248046875
.00183868408203125
-.003971099853515625
.0027008056640625
-.0671844482421875
.020816802978515625
-.0451507568359375
.00748443603515625
-.01804351806640625
.15423583984375
-.30036163330078125
.0521697998046875
-.227203369140625
.004261016845703125
-.449161529541015625
.20783233642578125
-.00089263916015625
0
-.00023651123046875
0
# Iteration 0
-.029384613037109375
.740016937255859375
-.1414947509765625
.000873565673828125
-.0611114501953125
.676422119140625
-.068450927734375
1.020030975341796875
-.075046539306640625
.077930450439453125
-.130859375
.069499969482421875
-.002407073974609375
.001285552978515625
-.000843048095703125
.006664276123046875
-.326358795166015625
.256755828857421875
-.20196533203125
.346996307373046875
-.241031646728515625
.999790191650390625
-.459690093994140625
2.13611602783203125
-.186161041259765625
.13423919677734375
-.092411041259765625
.236515045166015625
-.001453399658203125
.016399383544921875
-.0004119873046875
.000682830810546875
-.5614776611328125
.14800262451171875
-.07102203369140625
.416900634765625
-.0432891845703125
.10001373291015625
-1.7393035888671875
.0298614501953125
-.01268768310546875
.0509490966796875
-.181591033935546875
.020595550537109375
-.00463104248046875
.00183868408203125
-.003971099853515625
.0027008056640625
-.0671844482421875
.020816802978515625
-.0451507568359375
.00748443603515625
-.01804351806640625
.15423583984375
-.30036163330078125
.0521697998046875
-.227203369140625
.004261016845703125
-.449161529541015625
.20783233642578125
-.00089263916015625
0
-.00023651123046875
0
# Iteration 0
-.029384613037109375
.740016937255859375
-.1414947509765625
.000873565673828125
-.0611114501953125
.676422119140625
-.068450927734375
1.020030975341796875
-.075046539306640625
.077930450439453125
-.130859375
.069499969482421875
-.002407073974609375
.001285552978515625
-.000843048095703125
.006664276123046875
-.326358795166015625
.256755828857421875
-.20196533203125
.346996307373046875
-.241031646728515625
.999790191650390625
-.459690093994140625
2.13611602783203125
-.186161041259765625
.13423919677734375
-.092411041259765625
.236515045166015625
-.001453399658203125
.016399383544921875
-.0004119873046875
.000682830810546875
-.5614776611328125
.14800262451171875
-.07102203369140625
.416900634765625
-.0432891845703125
.10001373291015625
-1.7393035888671875
.0298614501953125
-.01268768310546875
.0509490966796875
-.181591033935546875
.020595550537109375
-.00463104248046875
.00183868408203125
-.003971099853515625
.0027008056640625
-.0671844482421875
.020816802978515625
-.0451507568359375
.00748443603515625
-.01804351806640625
.15423583984375
-.30036163330078125
.0521697998046875
-.227203369140625
.004261016845703125
-.449161529541015625
.20783233642578125
-.00089263916015625
0
-.00023651123046875
0
# Iteration 0
-.029384613037109375
.740016937255859375
-.1414947509765625
.000873565673828125
-.0611114501953125
.676422119140625
-.068450927734375
1.020030975341796875
-.075046539306640625
.077930450439453125
-.130859375
.069499969482421875
-.002407073974609375
.001285552978515625
-.000843048095703125
.006664276123046875
-.326358795166015625
.256755828857421875
-.20196533203125
.346996307373046875
-.241031646728515625
.999790191650390625
-.459690093994140625
2.13611602783203125
-.186161041259765625
.13423919677734375
-.092411041259765625
.236515045166015625
-.001453399658203125
.016399383544921875
-.0004119873046875
.000682830810546875
-.5614776611328125
.14800262451171875
-.07102203369140625
.416900634765625
-.0432891845703125
.10001373291015625
-1.7393035888671875
.0298614501953125
-.01268768310546875
.0509490966796875
-.181591033935546875
.020595550537109375
-.00463104248046875
.00183868408203125
-.003971099853515625
.0027008056640625
-.0671844482421875
.020816802978515625
-.0451507568359375
.00748443603515625
-.01804351806640625
.15423583984375
-.30036163330078125
.0521697998046875
-.227203369140625
.004261016845703125
-.449161529541015625
.20783233642578125
-.00089263916015625
0
-.00023651123046875
0
# Iteration 0
-.029384613037109375
.740016937255859375
-.1414947509765625
.000873565673828125
-.0611114501953125
.676422119140625
-.068450927734375
1.020030975341796875
-.075046539306640625
.077930450439453125
-.130859375
.069499969482421875
-.002407073974609375
.001285552978515625
-.000843048095703125
.006664276123046875
-.326358795166015625
.256755828857421875
-.20196533203125
.346996307373046875
-.241031646728515625
.999790191650390625
-.459690093994140625
2.13611602783203125
-.186161041259765625
.13423919677734375
-.092411041259765625
.236515045166015625
-.001453399658203125
.016399383544921875
-.0004119873046875
.000682830810546875
-.5614776611328125
.14800262451171875
-.07102203369140625
.416900634765625
-.0432891845703125
.10001373291015625
-1.7393035888671875
.0298614501953125
-.01268768310546875
.0509490966796875
-.181591033935546875
.020595550537109375
-.00463104248046875
.00183868408203125
-.003971099853515625
.0027008056640625
-.0671844482421875
.020816802978515625
-.0451507568359375
.00748443603515625
-.01804351806640625
.15423583984375
-.30036163330078125
.0521697998046875
-.227203369140625
.004261016845703125
-.449161529541015625
.20783233642578125
-.00089263916015625
0
-.00023651123046875
0
# Iteration 0
-.029384613037109375
.740016937255859375
-.1414947509765625
.000873565673828125
-.0611114501953125
.676422119140625
-.068450927734375
1.020030975341796875
-.075046539306640625
.077930450439453125
-.130859375
.069499969482421875
-.002407073974609375
.001285552978515625
-.000843048095703125
.006664276123046875
-.326358795166015625
.256755828857421875
-.20196533203125
.346996307373046875
-.241031646728515625
.999790191650390625
-.459690093994140625
2.13611602783203125
-.186161041259765625
.13423919677734375
-.092411041259765625
.236515045166015625
-.001453399658203125
.016399383544921875
-.0004119873046875
.000682830810546875
-.5614776611328125
.14800262451171875
-.07102203369140625
.416900634765625
-.0432891845703125
.10001373291015625
-1.7393035888671875
.0298614501953125
-.01268768310546875
.0509490966796875
-.181591033935546875
.020595550537109375
-.00463104248046875
.00183868408203125
-.003971099853515625
.0027008056640625
-.0671844482421875
.020816802978515625
-.0451507568359375
.00748443603515625
-.01804351806640625
.15423583984375
-.30036163330078125
.0521697998046875
-.227203369140625
.004261016845703125
-.449161529541015625
.20783233642578125
-.00089263916015625
0
-.00023651123046875
0
# Iteration 0
-.029384613037109375
.740016937255859375
-.1414947509765625
.000873565673828125
-.0611114501953125
.676422119140625
-.068450927734375
1.020030975341796875
-.075046539306640625
.077930450439453125
-.130859375
.069499969482421875
-.002407073974609375
.001285552978515625
-.000843048095703125
.006664276123046875
-.326358795166015625
.256755828857421875
-.20196533203125
.346996307373046875
-.241031646728515625
.999790191650390625
-.459690093994140625
2.13611602783203125
-.186161041259765625
.13423919677734375
-.092411041259765625
.236515045166015625
-.001453399658203125
.016399383544921875
-.0004119873046875
.000682830810546875
-.5614776611328125
.14800262451171875
-.07102203369140625
.416900634765625
-.0432891845703125
.10001373291015625
-1.7393035888671875
.0298614501953125
-.01268768310546875
.0509490966796875
-.181591033935546875
.020595550537109375
-.00463104248046875
.00183868408203125
-.003971099853515625
.0027008056640625
-.0671844482421875
.020816802978515625
-.0451507568359375
.00748443603515625
-.01804351806640625
.15423583984375
-.30036163330078125
.0521697998046875
-.227203369140625
.004261016845703125
-.449161529541015625
.20783233642578125
-.00089263916015625
0
-.00023651123046875
0
# Iteration 0
-.029384613037109375
.740016937255859375
-.1414947509765625
.000873565673828125
-.0611114501953125
.676422119140625
-.068450927734375
1.020030975341796875
-.075046539306640625
.077930450439453125
-.130859375
.069499969482421875
-.002407073974609375
.001285552978515625
-.000843048095703125
.006664276123046875
-.326358795166015625
.256755828857421875
-.20196533203125
.346996307373046875
-.241031646728515625
.999790191650390625
-.459690093994140625
2.13611602783203125
-.186161041259765625
.13423919677734375
-.092411041259765625
.236515045166015625
-.001453399658203125
.016399383544921875
-.0004119873046875
.000682830810546875
-.5614776611328125
.14800262451171875
-.07102203369140625
.416900634765625
-.0432891845703125
.10001373291015625
-1.7393035888671875
.0298614501953125
-.01268768310546875
.0509490966796875
-.181591033935546875
.020595550537109375
-.00463104248046875
.00183868408203125
-.003971099853515625
.0027008056640625
-.0671844482421875
.020816802978515625
-.0451507568359375
.00748443603515625
-.01804351806640625
.15423583984375
-.30036163330078125
.0521697998046875
-.227203369140625
.004261016845703125
-.449161529541015625
.20783233642578125
-.00089263916015625
0
-.00023651123046875
0
# Iteration 0
-.029384613037109375
.740016937255859375
-.1414947509765625
.000873565673828125
-.0611114501953125
.676422119140625
-.068450927734375
1.020030975341796875
-.075046539306640625
.077930450439453125
-.130859375
.069499969482421875
-.002407073974609375
.001285552978515625
-.000843048095703125
.006664276123046875
-.326358795166015625
.256755828857421875
-.20196533203125
.346996307373046875
-.241031646728515625
.999790191650390625
-.459690093994140625
2.13611602783203125
-.186161041259765625
.13423919677734375
-.092411041259765625
.236515045166015625
-.001453399658203125
.016399383544921875
-.0004119873046875
.000682830810546875
-.5614776611328125
.14800262451171875
-.07102203369140625
.416900634765625
-.0432891845703125
.10001373291015625
-1.7393035888671875
.0298614501953125
-.01268768310546875
.0509490966796875
-.181591033935546875
.020595550537109375
-.00463104248046875
.00183868408203125
-.003971099853515625
.0027008056640625
-.0671844482421875
.020816802978515625
-.0451507568359375
.00748443603515625
-.01804351806640625
.15423583984375
-.30036163330078125
.0521697998046875
-.227203369140625
.004261016845703125
-.449161529541015625
.20783233642578125
-.00089263916015625
0
-.00023651123046875
0
# Iteration 0
-.029384613037109375
.740016937255859375
-.1414947509765625
.000873565673828125
-.0611114501953125
.676422119140625
-.068450927734375
1.020030975341796875
-.075046539306640625
.077930450439453125
-.130859375
.069499969482421875
-.002407073974609375
.001285552978515625
-.000843048095703125
.006664276123046875
-.326358795166015625
.256755828857421875
-.20196533203125
.346996307373046875
-.241031646728515625
.999790191650390625
-.459690093994140625
2.13611602783203125
-.186161041259765625
.13423919677734375
-.092411041259765625
.236515045166015625
-.001453399658203125
.016399383544921875
-.0004119873046875
.000682830810546875
-.5614776611328125
.14800262451171875
-.07102203369140625
.416900634765625
-.0432891845703125
.10001373291015625
-1.7393035888671875
.0298614501953125
-.01268768310546875
.0509490966796875
-.181591033935546875
.020595550537109375
-.00463104248046875
.00183868408203125
-.003971099853515625
.0027008056640625
-.0671844482421875
.020816802978515625
-.0451507568359375
.00748443603515625
-.01804351806640625
.15423583984375
-.30036163330078125
.0521697998046875
-.227203369140625
.004261016845703125
-.449161529541015625
.20783233642578125
-.00089263916015625
0
-.00023651123046875
0
# Iteration 0
-.029384613037109375
.740016937255859375
-.1414947509765625
.000873565673828125
-.0611114501953125
.676422119140625
-.068450927734375
1.020030975341796875
-.075046539306640625
.077930450439453125
-.130859375
.069499969482421875
-.002407073974609375
.001285552978515625
-.000843048095703125
.006664276123046875
-.326358795166015625
.256755828857421875
-.20196533203125
.346996307373046875
-.241031646728515625
.999790191650390625
-.459690093994140625
2.13611602783203125
-.186161041259765625
.13423919677734375
-.092411041259765625
.236515045166015625
-.001453399658203125
.016399383544921875
-.0004119873046875
.000682830810546875
-.5614776611328125
.14800262451171875
-.07102203369140625
.416900634765625
-.0432891845703125
.10001373291015625
-1.7393035888671875
.0298614501953125
-.01268768310546875
.0509490966796875
-.181591033935546875
.020595550537109375
-.00463104248046875
.00183868408203125
-.003971099853515625
.0027008056640625
-.0671844482421875
.020816802978515625
-.0451507568359375
.00748443603515625
-.01804351806640625
.15423583984375
-.30036163330078125
.0521697998046875
-.227203369140625
.004261016845703125
-.449161529541015625
.20783233642578125
-.00089263916015625
0
-.00023651123046875
0
# Iteration 0
-.029384613037109375
.740016937255859375
-.1414947509765625
.000873565673828125
-.0611114501953125
.676422119140625
-.068450927734375
1.020030975341796875
-.075046539306640625
.077930450439453125
-.130859375
.069499969482421875
-.002407073974609375
.001285552978515625
-.000843048095703125
.006664276123046875
-.326358795166015625
.256755828857421875
-.20196533203125
.346996307373046875
-.241031646728515625
.999790191650390625
-.459690093994140625
2.13611602783203125
-.186161041259765625
.13423919677734375
-.092411041259765625
.236515045166015625
-.001453399658203125
.016399383544921875
-.0004119873046875
.000682830810546875
-.5614776611328125
.14800262451171875
-.07102203369140625
.416900634765625
-.0432891845703125
.10001373291015625
-1.7393035888671875
.0298614501953125
-.01268768310546875
.0509490966796875
-.181591033935546875
.020595550537109375
-.00463104248046875
.00183868408203125
-.003971099853515625
.0027008056640625
-.0671844482421875
.020816802978515625
-.0451507568359375
.00748443603515625
-.01804351806640625
.15423583984375
-.30036163330078125
.0521697998046875
-.227203369140625
.004261016845703125
-.449161529541015625
.20783233642578125
-.00089263916015625
0
-.00023651123046875
0
