# Iteration 0
-69.250209808349609375
180.015735626220703125
-133.701446533203125
86.108638763427734375
-47.7421417236328125
97.715663909912109375
-142.63449859619140625
32.493091583251953125
-22.823841094970703125
36.8434295654296875
-33.934051513671875
9.201305389404296875
-.906345367431640625
.5372467041015625
-.58172607421875
.289974212646484375
-185.569866180419921875
144.681640625
-138.176929473876953125
26.08721923828125
-34.7084503173828125
200.68141937255859375
-54.646419525146484375
41.131542205810546875
-35.865329742431640625
76.017360687255859375
-19.30576324462890625
12.262203216552734375
-.385700225830078125
8.404689788818359375
-2.326351165771484375
.4023284912109375
-97.8027801513671875
84.70871734619140625
-102.58599853515625
132.908145904541015625
-13.47692108154296875
156.314640045166015625
-49.881801605224609375
61.449939727783203125
-26.72167205810546875
89.794464111328125
-36.711925506591796875
9.620983123779296875
-.54398345947265625
9.870868682861328125
-1.022830963134765625
1.80799102783203125
-102.665889739990234375
42.9521942138671875
-27.991291046142578125
104.733856201171875
-35.785491943359375
60.074886322021484375
-38.06380462646484375
34.632312774658203125
-4.180614471435546875
66.330402374267578125
-4.104793548583984375
41.99111175537109375
-.02059173583984375
.2467193603515625
-.019718170166015625
.12110137939453125
# Iteration 1
-157.727321624755859375
151.670009613037109375
-205.662723541259765625
34.47643280029296875
-46.458232879638671875
147.484745025634765625
-94.547412872314453125
26.07201385498046875
-18.670612335205078125
43.2901458740234375
-28.6246795654296875
5.686344146728515625
-.112945556640625
.444171905517578125
-.19475555419921875
.11794281005859375
-121.905178070068359375
111.72069549560546875
-94.2842254638671875
68.617099761962890625
-26.49249267578125
91.894809722900390625
-64.68836212158203125
32.271335601806640625
-4.101505279541015625
84.195705413818359375
-16.814601898193359375
11.73895263671875
-.025257110595703125
1.81603240966796875
-.04418182373046875
.735504150390625
-94.7439422607421875
97.016948699951171875
-40.1791839599609375
209.522216796875
-45.951587677001953125
78.972629547119140625
-56.7947998046875
36.977725982666015625
-5.537357330322265625
72.082439422607421875
-20.871524810791015625
9.254673004150390625
-.448970794677734375
.39434814453125
-.12435150146484375
1.04852294921875
-82.789196014404296875
40.223651885986328125
-35.760341644287109375
50.49652099609375
-17.39234161376953125
74.555633544921875
-25.327178955078125
79.8507537841796875
-3.2013397216796875
43.399322509765625
-.100879669189453125
47.40482330322265625
-8.416767120361328125
.52115631103515625
-.125682830810546875
6.7285308837890625
# Iteration 2
-13.172855377197265625
55.15238189697265625
-51.67977142333984375
17.0260162353515625
-22.967342376708984375
43.819690704345703125
-32.641353607177734375
13.396167755126953125
-.479503631591796875
30.88291168212890625
-7.603466033935546875
3.291866302490234375
-.168628692626953125
.153751373291015625
-.105052947998046875
.136837005615234375
-20.051731109619140625
48.801685333251953125
-24.951141357421875
37.085704803466796875
-12.6982269287109375
38.27672576904296875
-26.622035980224609375
14.494403839111328125
-1.7178955078125
23.476177215576171875
-14.157085418701171875
2.5749053955078125
-.745391845703125
.8957061767578125
-.1444549560546875
2.37945556640625
-43.10784149169921875
14.70655059814453125
-13.543987274169921875
33.74025726318359375
-11.481761932373046875
27.96978759765625
-11.714168548583984375
21.778743743896484375
-.370143890380859375
34.528011322021484375
-2.396209716796875
19.0323028564453125
-3.7394561767578125
1.308048248291015625
-.025547027587890625
5.08090972900390625
-27.229572296142578125
11.184967041015625
-15.651508331298828125
27.933666229248046875
-4.369586944580078125
32.1676025390625
-1.698886871337890625
40.52468109130859375
-.88263702392578125
2.790088653564453125
-.620586395263671875
5.047954559326171875
-.896175384521484375
.244762420654296875
-1.531948089599609375
.656475067138671875
# Iteration 3
-84.20343780517578125
38.14179229736328125
-53.76456451416015625
20.30162811279296875
-6.11138153076171875
80.571033477783203125
-49.69183349609375
12.350681304931640625
-24.9999237060546875
38.89270782470703125
-29.491039276123046875
18.132129669189453125
-13.32190704345703125
22.046199798583984375
-15.6230926513671875
5.271709442138671875
-59.575084686279296875
17.425632476806640625
-39.268550872802734375
25.023014068603515625
-4.79290771484375
45.644336700439453125
-21.782909393310546875
15.01739501953125
-10.084804534912109375
20.8285064697265625
-22.562129974365234375
9.4709014892578125
-2.738773345947265625
27.614765167236328125
-10.8798980712890625
2.115055084228515625
-29.972118377685546875
17.489704132080078125
-37.681285858154296875
52.667236328125
-9.56450653076171875
41.02752685546875
-10.55258941650390625
27.63970947265625
-18.2283935546875
21.425319671630859375
-12.394901275634765625
18.11789703369140625
-6.624988555908203125
37.203975677490234375
-5.331302642822265625
13.541103363037109375
-18.216472625732421875
24.58110809326171875
-5.8123016357421875
52.045513153076171875
-17.820369720458984375
17.419139862060546875
-5.98888397216796875
17.312530517578125
-17.04693603515625
17.719135284423828125
-12.43354034423828125
9.066318511962890625
-2.198604583740234375
24.284938812255859375
-9.119594573974609375
5.257343292236328125
# Iteration 4
-46.2281341552734375
38.57891845703125
-30.786468505859375
21.94522857666015625
-6.31146240234375
58.20892333984375
-47.051761627197265625
14.02037811279296875
-28.791042327880859375
32.40325927734375
-37.633167266845703125
9.89904022216796875
-4.02036285400390625
23.553882598876953125
-9.29346466064453125
2.03173828125
-28.95331573486328125
25.5793304443359375
-22.585601806640625
32.69512939453125
-9.310985565185546875
31.68894195556640625
-17.01351165771484375
17.071685791015625
-18.7919769287109375
29.997440338134765625
-14.03849029541015625
17.437213897705078125
-.1190643310546875
18.319911956787109375
-1.1406707763671875
6.00997161865234375
-33.868740081787109375
26.497554779052734375
-6.19686126708984375
71.3190460205078125
-17.4246826171875
19.3289642333984375
-18.87557220458984375
11.85387420654296875
-10.147487640380859375
35.81402587890625
-17.566802978515625
13.86902618408203125
-.8053741455078125
16.6382293701171875
-6.519287109375
1.685455322265625
-28.15401458740234375
12.52516937255859375
-12.266510009765625
11.8619842529296875
-14.255168914794921875
6.735416412353515625
-8.368480682373046875
11.268718719482421875
-4.621677398681640625
28.38829803466796875
-3.684261322021484375
21.94840240478515625
-.52558135986328125
8.2718353271484375
-.130340576171875
9.7789306640625
