# Iteration 0
111111111111111111111110111010101111111111001001
000000000000000000000010110100000001000000011101
111111111111111111111101111010010011000110111000
000000000000000000000001010110000110111100111111
111111111111111111111111010000010000100000001100
000000000000000000000001100001101101110011010111
111111111111111111111101110001010111011001000110
000000000000000000000000100000011111100011101101
111111111111111111111111101001001011010001100011
000000000000000000000000100100110101111110101100
111111111111111111111111011110000100001110001000
000000000000000000000000001001001100111000100011
111111111111111111111111111111000101111111100111
000000000000000000000000000000100010011000100100
111111111111111111111111111111011010110001010000
000000000000000000000000000000010010100011101111
111111111111111111111101000110011011100001110101
000000000000000000000010010000101011101000000000
111111111111111111111101110101110100101011010011
000000000000000000000000011010000101100101010000
111111111111111111111111011101010010101010001100
000000000000000000000011001000101011100111000110
111111111111111111111111001001010110101000010001
000000000000000000000000101001001000011010110011
111111111111111111111111011100001000100111100111
000000000000000000000001001100000001000111000111
111111111111111111111111101100101100011011100110
000000000000000000000000001100010000110001111111
111111111111111111111111111111100111010100001011
000000000000000000000000001000011001111001100111
111111111111111111111111111101101011000111010001
000000000000000000000000000000011001101111111100
111111111111111111111110011110001100100111110100
000000000000000000000001010100101101010110111010
111111111111111111111110011001011010011111110000
000000000000000000000010000100111010000111110001
111111111111111111111111110010100001011110100010
000000000000000000000010011100010100001000110001
111111111111111111111111001110000111100100001001
000000000000000000000000111101011100110010111101
111111111111111111111111100101010001110100000010
000000000000000000000001011001110010110110001000
111111111111111111111111011011010010011011111101
000000000000000000000000001001100111101111100011
111111111111111111111111111111011101001011110110
000000000000000000000000001001110111101111000101
111111111111111111111111111110111110100010011111
000000000000000000000000000001110011101101100010
111111111111111111111110011001010101011000100001
000000000000000000000000101010111100111100001100
111111111111111111111111100100000000100011101011
000000000000000000000001101000101110111101111000
111111111111111111111111011100001101101110101000
000000000000000000000000111100000100110010101111
111111111111111111111111011001111011111010101010
000000000000000000000000100010101000011101111101
111111111111111111111111111011110100011100001101
000000000000000000000001000010010101001001010101
111111111111111111111111111011111001010010110001
000000000000000000000000101001111111011011100110
111111111111111111111111111111111110101011101010
000000000000000000000000000000001111110010100100
111111111111111111111111111111111110101111001111
000000000000000000000000000000000111110000000010
# Iteration 1
111111111111111111111101100010010001011100111001
000000000000000000000010010111101010111000010111
111111111111111111111100110010010101100101011111
000000000000000000000000100010011110011111011110
111111111111111111111111010001100010101011000101
000000000000000000000010010011011111000001100001
111111111111111111111110100001011100111101110011
000000000000000000000000011010000100100110111110
111111111111111111111111101101010101000101001011
000000000000000000000000101011010010100100011100
111111111111111111111111100011011000000001010100
000000000000000000000000000101101011111011010001
111111111111111111111111111111111000110001011000
000000000000000000000000000000011100011011010101
111111111111111111111111111111110011100010010010
000000000000000000000000000000000111100011000110
111111111111111111111110000110000110000100011001
000000000000000000000001101111101110000111111110
111111111111111111111110100001101101110011110100
000000000000000000000001000100100111011111101001
111111111111111111111111100101100000011110110000
000000000000000000000001011011111001010001001001
111111111111111111111110111111010011111100011110
000000000000000000000000100000010001010111011001
111111111111111111111111111011111001100000001111
000000000000000000000001010100001100100001100111
111111111111111111111111101111001011110111011001
000000000000000000000000001011101111010010110000
111111111111111111111111111111111110011000100011
000000000000000000000000000001110100001110011110
111111111111111111111111111111111101001011000010
000000000000000000000000000000101111000100101000
111111111111111111111110100001010000011000110100
000000000000000000000001100001000001000101011011
111111111111111111111111010111110100100010000100
000000000000000000000011010001100001011011000000
111111111111111111111111010010000011000110010011
000000000000000000000001001110111110001111111001
111111111111111111111111000111001101001000100000
000000000000000000000000100100111110100100110001
111111111111111111111111111010011101100110111111
000000000000000000000001001000000101010001101011
111111111111111111111111101011001000001110001111
000000000000000000000000001001010000010011001001
111111111111111111111111111111100011010001000001
000000000000000000000000000000011001001111010000
111111111111111111111111111111111000000010101010
000000000000000000000000000001000011000110110000
111111111111111111111110101101001101011111011101
000000000000000000000000101000001110010100000101
111111111111111111111111011100001111010101101001
000000000000000000000000110010011111110001110000
111111111111111111111111101110100110111000111110
000000000000000000000001001010100011100011111000
111111111111111111111111100110101011000011111000
000000000000000000000001001111110110011100101100
111111111111111111111111111100110011000111010100
000000000000000000000000101011011001100011101000
111111111111111111111111111111111001100010110011
000000000000000000000000101111011001111010001010
111111111111111111111111110111100101010100111011
000000000000000000000000000000100001010110101010
111111111111111111111111111111110111111101001101
000000000000000000000000000110101110101000000100
# Iteration 2
111111111111111111111111110010110100111011111111
000000000000000000000000110111001001110000001010
111111111111111111111111001100010100011111101010
000000000000000000000000010001000001101010100100
111111111111111111111111101001000010000101110001
000000000000000000000000101011110100011101011101
111111111111111111111111011111010110111101000001
000000000000000000000000001101011001010110101101
111111111111111111111111111111100001010011111101
000000000000000000000000011110111000100000011010
111111111111111111111111111000011001011000001101
000000000000000000000000000011010010101011011111
111111111111111111111111111111110101001101010011
000000000000000000000000000000001001110101110001
111111111111111111111111111111111001010001101101
000000000000000000000000000000001000110000011111
111111111111111111111111101011111100101100000111
000000000000000000000000110000110011010011101101
111111111111111111111111100111000011001000001000
000000000000000000000000100101000101011111000011
111111111111111111111111110011010011010100000100
000000000000000000000000100110010001101101011110
111111111111111111111111100101011000001100001001
000000000000000000000000001110011111101001000101
111111111111111111111111111110010010000011100000
000000000000000000000000010111011110011110011011
111111111111111111111111110001110101111100100101
000000000000000000000000000010100100110010110100
111111111111111111111111111111010000010010111000
000000000000000000000000000000111001010100110100
111111111111111111111111111111110110110000010100
000000000000000000000000000010011000010010010000
111111111111111111111111010100111001000110010010
000000000000000000000000001110101101001110000010
111111111111111111111111110010011101001011110101
000000000000000000000000100001101111011000000110
111111111111111111111111110100100001001010101101
000000000000000000000000011011111110000100010000
111111111111111111111111110100010010010010110001
000000000000000000000000010101110001110101101111
111111111111111111111111111111101000010011111001
000000000000000000000000100010100001110010101111
111111111111111111111111111101100110101001001000
000000000000000000000000010011000010000100010100
111111111111111111111111111100010000101011001100
000000000000000000000000000001010011101101110001
111111111111111111111111111111111110010111010111
000000000000000000000000000101000101001011011010
111111111111111111111111100100110001010011101011
000000000000000000000000001011001011110101101000
111111111111111111111111110000010110010011011011
000000000000000000000000011011111011110000010011
111111111111111111111111111011101000010110001011
000000000000000000000000100000001010101110100000
111111111111111111111111111110010011010001010111
000000000000000000000000101000100001100101000110
111111111111111111111111111111000111100000101110
000000000000000000000000000010110010100100001101
111111111111111111111111111111011000010010000101
000000000000000000000000000101000011000100011011
111111111111111111111111111111000110101001010001
000000000000000000000000000000001111101010100011
111111111111111111111111111110011101111101001001
000000000000000000000000000000101010000000111011
# Iteration 3
111111111111111111111110101011110010111110101110
000000000000000000000000100110001001000100110010
111111111111111111111111001010001111000100010110
000000000000000000000000010100010011010011011110
111111111111111111111111111001111000110111110010
000000000000000000000001010000100100100010111101
111111111111111111111111001110010011101110010000
000000000000000000000000001100010110011100011001
111111111111111111111111100111000000000000010100
000000000000000000000000100110111001001000100010
111111111111111111111111100010100000100100101101
000000000000000000000000010010001000011101001101
111111111111111111111111110010101011011001011110
000000000000000000000000010110000010111101001111
111111111111111111111111110000011000000111110100
000000000000000000000000000101010001011000111011
111111111111111111111111000100011011001100011101
000000000000000000000000010001011011001111011001
111111111111111111111111011000101110110100000001
000000000000000000000000011001000001011110010001
111111111111111111111111111011001101010000010000
000000000000000000000000101101101001001111001101
111111111111111111111111101010001101111001001101
000000000000000000000000001111000001000111010000
111111111111111111111111110101111010100100101001
000000000000000000000000010100110101000001100100
111111111111111111111111101001011100000001100001
000000000000000000000000001001011110001000110100
111111111111111111111111111101010000101101111111
000000000000000000000000011011100111010110000101
111111111111111111111111110101000111101011111100
000000000000000000000000000010000111010111010001
111111111111111111111111100010000001110010001101
000000000000000000000000010001011111010101110101
111111111111111111111111011010010100011001011101
000000000000000000000000110100101010101101000000
111111111111111111111111110110011011110111110010
000000000000000000000000101001000001110000110000
111111111111111111111111110101011100101000100110
000000000000000000000000011011101000111100010000
111111111111111111111111101101110001011000100000
000000000000000000000000010101011011001110000111
111111111111111111111111110011100110101110011111
000000000000000000000000010010000111100010111010
111111111111111111111111111001011000000000000011
000000000000000000000000100101001101000011011111
111111111111111111111111111010101010110010111111
000000000000000000000000001101100010101000010111
111111111111111111111111101101110010001001010101
000000000000000000000000011000100101001100001110
111111111111111111111111111010001100000000110100
000000000000000000000000110100000010111010011011
111111111111111111111111101110001011011111110001
000000000000000000000000010001011010110100110011
111111111111111111111111111010000000101101100010
000000000000000000000000010001010100000000001000
111111111111111111111111101110111100111111110000
000000000000000000000000010001101110000001100101
111111111111111111111111110011100100010000001110
000000000000000000000000001001000100001111101001
111111111111111111111111111101110011010010100001
000000000000000000000000011000010010001111000111
111111111111111111111111110110111000010110001001
000000000000000000000000000101010000011110000101
# Iteration 4
111111111111111111111111010001110001011001100100
000000000000000000000000100110100101000011010000
111111111111111111111111100001001101101010101000
000000000000000000000000010101111100011111101010
111111111111111111111111111001101100000100010000
000000000000000000000000111010001101010111110000
111111111111111111111111010000111100101011111111
000000000000000000000000001110000001010011011110
111111111111111111111111100011001101010111111001
000000000000000000000000100000011001110011110000
111111111111111111111111011010010111011110100011
000000000000000000000000001001111001100010011110
111111111111111111111111111011111110101100100110
000000000000000000000000010111100011011100101101
111111111111111111111111110110101101001101111110
000000000000000000000000000010000010000010000000
111111111111111111111111100011000010111111001110
000000000000000000000000011001100101000100111100
111111111111111111111111101001011010100001011000
000000000000000000000000100000101100011111010000
111111111111111111111111110110101100000110001101
000000000000000000000000011111101100000101111010
111111111111111111111111101110111111001000101010
000000000000000000000000010001000100100101101000
111111111111111111111111101101001101010100000100
000000000000000000000000011101111111110101100001
111111111111111111111111110001111101100010010110
000000000000000000000000010001011011111110110101
111111111111111111111111111111111000011000010100
000000000000000000000000010010010100011110010111
111111111111111111111111111110110110111111110100
000000000000000000000000000110000000101000110110
111111111111111111111111011110001000011001101001
000000000000000000000000011010011111110101111111
111111111111111111111111111001110011011001101010
000000000000000000000001000111010100011010110100
111111111111111111111111101110100100110100100000
000000000000000000000000010011010101000011011100
111111111111111111111111101101000111111101101010
000000000000000000000000001011110110101001011110
111111111111111111111111110101110110100011111001
000000000000000000000000100011110100000110010000
111111111111111111111111101110011011101110011000
000000000000000000000000001101110111100111100010
111111111111111111111111111111001100011101001100
000000000000000000000000010000101000110110001100
111111111111111111111111111001011110110001000000
000000000000000000000000000001101011110111101000
111111111111111111111111100011110110001001001010
000000000000000000000000001100100001100111000110
111111111111111111111111110011101110111100011000
000000000000000000000000001011110111001010101100
111111111111111111111111110001101111101010110101
000000000000000000000000000110101111000100010001
111111111111111111111111110111101000011010101101
000000000000000000000000001011010001001100101011
111111111111111111111111111011011000001101100111
000000000000000000000000011100011000110110011110
111111111111111111111111111100010100001101010001
000000000000000000000000010101111100101100101010
111111111111111111111111111111011110010111001110
000000000000000000000000001000010001011001011100
111111111111111111111111111111110111101010001000
000000000000000000000000001001110001110110100000
