000000000000000000000000000000111100000111110101
000000000000000000000000000000110101000011101101
000000000000000000000000000000101110110100101100
000000000000000000000000000000101001010100100100
000000000000000000000000000000100100011101110101
000000000000000000000000000000100000001011100110
000000000000000000000000000000011100011001100101
000000000000000000000000000000011001000100000001
000000000000000000000000000000010110000111100010
000000000000000000000000000000010011100001001101
000000000000000000000000000000010001001110011011
000000000000000000000000000000001111001100111000
000000000000000000000000000000001101011010100100
000000000000000000000000000000001011110101101011
000000000000000000000000000000001010011100101001
000000000000000000000000000000001001001110000101
000000000000000000000000000000001000001000101111
000000000000000000000000000000000111001011100011
000000000000000000000000000000000110010101100011
000000000000000000000000000000000101100101111001
000000000000000000000000000000000100111011110110
000000000000000000000000000000000100010110101111
000000000000000000000000000000000011110101111110
000000000000000000000000000000000011011001000101
000000000000000000000000000000000010111111100100
000000000000000000000000000000000010101001000011
000000000000000000000000000000000010010101001100
000000000000000000000000000000000010000011101010
000000000000000000000000000000000001110100001100
000000000000000000000000000000000001100110100010
000000000000000000000000000000000001011010011111
000000000000000000000000000000000001001111110110
000000000000000000000000000000000001000110011110
000000000000000000000000000000000000111110001100
000000000000000000000000000000000000110110111000
000000000000000000000000000000000000110000011011
000000000000000000000000000000000000101010101111
000000000000000000000000000000000000100101101110
000000000000000000000000000000000000100001010010
000000000000000000000000000000000000011101011000
